M9V 2X7,43.74356,-79.57845,ON
M9V 2X8,43.744455,-79.57897,ON
M9V 2Y1,43.739945,-79.577715,ON
M9V 2Y2,43.73986,-79.57771,ON
M9V 2Y3,43.740445,-79.578365,ON
M9V 2Y4,43.740955,-79.57845,ON
M9V 2Y5,43.74415,-79.57958,ON
M9V 2Y6,43.744175,-79.57946,ON
M9V 2Y7,43.74382,-79.580155,ON
M9V 2Y8,43.74332,-79.579925,ON
M9V 2Y9,43.743245,-79.58061,ON
M9V 2Z1,43.74237,-79.581545,ON
M9V 2Z2,43.742345,-79.581665,ON
M9V 2Z3,43.743655,-79.58208,ON
M9V 2Z4,43.7439,-79.58262,ON
M9V 2Z5,43.744615,-79.58353,ON
M9V 2Z6,43.74457,-79.583625,ON
M9V 2Z7,43.74391,-79.58332,ON
M9V 2Z8,43.74392,-79.5832,ON
M9V 2Z9,43.743375,-79.583365,ON
M9V 3A1,43.74335,-79.58325,ON
M9V 3A2,43.74185,-79.5831,ON
M9V 3A3,43.74179,-79.58319,ON
M9V 3A4,43.742335,-79.584295,ON
M9V 3A5,43.74424,-79.584115,ON
M9V 3A7,43.742495,-79.58492,ON
M9V 3A8,43.74589,-79.586575,ON
M9V 3A9,43.746555,-79.58703,ON
M9V 3B1,43.746555,-79.58703,ON
M9V 3B2,43.7482,-79.58782,ON
M9V 3B3,43.74144,-79.585025,ON
M9V 3B4,43.74147,-79.584905,ON
M9V 3B5,43.749255,-79.588485,ON
M9V 3B6,43.749175,-79.58845,ON
M9V 3B7,43.74932,-79.58902,ON
M9V 3B8,43.74994,-79.589965,ON
M9V 3B9,43.749335,-79.58894,ON
M9V 3C1,43.749325,-79.588825,ON
M9V 3C2,43.750645,-79.58949,ON
M9V 3C3,43.750665,-79.589375,ON
M9V 3C4,43.750455,-79.59095,ON
M9V 3C5,43.74813,-79.588865,ON
M9V 3C6,43.74809,-79.58897,ON
M9V 3C7,43.750375,-79.59059,ON
M9V 3C8,43.750355,-79.590705,ON
M9V 3C9,43.74214,-79.58784,ON
M9V 3E1,43.742165,-79.587725,ON
M9V 3E2,43.742925,-79.58948,ON
M9V 3E3,43.742915,-79.589595,ON
M9V 3E4,43.742145,-79.588825,ON
M9V 3E5,43.7423,-79.58819,ON
M9V 3E6,43.74245,-79.58756,ON
M9V 3E7,43.742765,-79.587125,ON
M9V 3E8,43.74285,-79.588925,ON
M9V 3E9,43.742825,-79.58904,ON
M9V 3G1,43.74573,-79.589165,ON
M9V 3G2,43.74665,-79.58929,ON
M9V 3G3,43.74716,-79.589505,ON
M9V 3G4,43.74717,-79.589385,ON
M9V 3G5,43.74763,-79.58965,ON
M9V 3G6,43.748125,-79.589735,ON
M9V 3G7,43.74861,-79.58998,ON
M9V 3G8,43.749015,-79.589975,ON
M9V 3G9,43.74985,-79.590955,ON
M9V 3H1,43.75008,-79.59111,ON
M9V 3H2,43.75007,-79.59193,ON
M9V 3H3,43.749935,-79.592425,ON
M9V 3H4,43.75002,-79.59244,ON
M9V 3H5,43.74996,-79.592935,ON
M9V 3H6,43.74987,-79.592905,ON
M9V 3H7,43.749725,-79.593535,ON
M9V 3H8,43.74966,-79.59346,ON
M9V 3H9,43.749585,-79.593765,ON
M9V 3J1,43.74937,-79.59404,ON
M9V 3J2,43.74924,-79.59449,ON
M9V 3J3,43.749325,-79.594525,ON
M9V 3J4,43.74912,-79.59499,ON
M9V 3J5,43.745335,-79.589675,ON
M9V 3J6,43.7492,-79.595025,ON
M9V 3J7,43.74907,-79.595415,ON
M9V 3J8,43.74878,-79.595595,ON
M9V 3J9,43.74761,-79.59542,ON
M9V 3K1,43.74711,-79.595575,ON
M9V 3K2,43.74709,-79.59546,ON
M9V 3K3,43.74664,-79.595575,ON
M9V 3K4,43.746305,-79.59538,ON
M9V 3K5,43.74596,-79.595445,ON
M9V 3K6,43.74562,-79.595385,ON
M9V 3K7,43.745,-79.59554,ON
M9V 3K8,43.744985,-79.59542,ON
M9V 3K9,43.744465,-79.594975,ON
M9V 3L1,43.744335,-79.59456,ON
M9V 3L2,43.743965,-79.59399,ON
M9V 3L3,43.74424,-79.594175,ON
M9V 3L4,43.742785,-79.593355,ON
M9V 3L5,43.743525,-79.593545,ON
M9V 3L6,43.747325,-79.589735,ON
M9V 3L7,43.74741,-79.58978,ON
M9V 3L8,43.74863,-79.590555,ON
M9V 3L9,43.748655,-79.59044,ON
M9V 3M1,43.74864,-79.591,ON
M9V 3M2,43.74861,-79.59112,ON
M9V 3M3,43.749265,-79.59132,ON
M9V 3M4,43.75022,-79.591655,ON
M9V 3M5,43.74083,-79.586865,ON
M9V 3M6,43.740755,-79.58693,ON
M9V 3M7,43.740365,-79.588455,ON
M9V 3M8,43.74034,-79.588575,ON
M9V 3M9,43.74211,-79.588365,ON
M9V 3N1,43.742075,-79.58848,ON
M9V 3N2,43.74324,-79.58911,ON
M9V 3N3,43.743215,-79.589225,ON
M9V 3N4,43.74529,-79.590345,ON
M9V 3N5,43.745315,-79.59023,ON
M9V 3N6,43.746895,-79.590525,ON
M9V 3N7,43.746905,-79.59065,ON
M9V 3N8,43.7482,-79.591325,ON
M9V 3N9,43.748175,-79.59144,ON
M9V 3P1,43.74883,-79.59176,ON
M9V 3P2,43.74909,-79.59268,ON
M9V 3P3,43.749835,-79.592175,ON
M9V 3P4,43.750135,-79.592125,ON
M9V 3P5,43.748265,-79.59173,ON
M9V 3P6,43.74835,-79.591765,ON
M9V 3P7,43.749765,-79.592745,ON
M9V 3P8,43.75004,-79.59267,ON
M9V 3P9,43.73964,-79.5871,ON
M9V 3R1,43.73928,-79.586955,ON
M9V 3R2,43.73966,-79.58698,ON
M9V 3R3,43.742335,-79.590175,ON
M9V 3R4,43.74226,-79.590235,ON
M9V 3R5,43.74998,-79.59316,ON
M9V 3R6,43.749785,-79.59373,ON
M9V 3R7,43.74936,-79.593655,ON
M9V 3R8,43.749315,-79.59376,ON
M9V 3R9,43.74921,-79.594175,ON
M9V 3S1,43.74919,-79.59429,ON
M9V 3S2,43.749565,-79.59435,ON
M9V 3S3,43.738245,-79.589365,ON
M9V 3S4,43.740135,-79.59037,ON
M9V 3S5,43.742645,-79.59141,ON
M9V 3S6,43.748225,-79.587705,ON
M9V 3S7,43.745275,-79.59267,ON
M9V 3S8,43.745275,-79.59267,ON
M9V 3S9,43.7496,-79.59936,ON
M9V 3T1,43.747565,-79.593815,ON
M9V 3T2,43.747565,-79.593815,ON
M9V 3T3,43.74753,-79.593935,ON
M9V 3T4,43.745855,-79.593745,ON
M9V 3T5,43.745865,-79.59363,ON
M9V 3T6,43.746475,-79.594,ON
M9V 3T7,43.746455,-79.59503,ON
M9V 3T8,43.73855,-79.59092,ON
M9V 3T9,43.746745,-79.594875,ON
M9V 3V1,43.746735,-79.59499,ON
M9V 3V2,43.747995,-79.59538,ON
M9V 3V3,43.747905,-79.5954,ON
M9V 3V4,43.74888,-79.596705,ON
M9V 3V5,43.74908,-79.59727,ON
M9V 3V6,43.745895,-79.59475,ON
M9V 3V7,43.7459,-79.594875,ON
M9V 3V8,43.74743,-79.59595,ON
M9V 3V9,43.74742,-79.596065,ON
M9V 3W1,43.747985,-79.5967,ON
M9V 3W2,43.7483,-79.597125,ON
M9V 3W3,43.737305,-79.591985,ON
M9V 3W4,43.73733,-79.59187,ON
M9V 3W5,43.737995,-79.591455,ON
M9V 3W6,43.737935,-79.59154,ON
M9V 3W7,43.738225,-79.59178,ON
M9V 3W8,43.73838,-79.59225,ON
M9V 3W9,43.738655,-79.5925,ON
M9V 3X1,43.739215,-79.592945,ON
M9V 3X2,43.7397,-79.593625,ON
M9V 3X3,43.739765,-79.593545,ON
M9V 3X4,43.73979,-79.592265,ON
M9V 3X5,43.739875,-79.5923,ON
M9V 3X6,43.74026,-79.593345,ON
M9V 3X7,43.740235,-79.59346,ON
M9V 3X8,43.74721,-79.596805,ON
M9V 3X9,43.747135,-79.59687,ON
M9V 3Y1,43.7373,-79.591315,ON
M9V 3Y2,43.73734,-79.59142,ON
M9V 3Y3,43.736925,-79.59205,ON
M9V 3Y4,43.737725,-79.592635,ON
M9V 3Y5,43.738115,-79.592815,ON
M9V 3Y6,43.74517,-79.59748,ON
M9V 3Y7,43.74418,-79.59728,ON
M9V 3Y8,43.746775,-79.598235,ON
M9V 3Z2,43.74675,-79.59835,ON
M9V 3Z3,43.74811,-79.59894,ON
M9V 3Z5,43.75,-79.59354,ON
M9V 3Z6,43.74129,-79.59468,ON
M9V 3Z7,43.74519,-79.597595,ON
M9V 3Z8,43.747195,-79.586845,ON
M9V 3Z9,43.74223,-79.59642,ON
M9V 4A1,43.739845,-79.575795,ON
M9V 4A2,43.739865,-79.576765,ON
M9V 4A3,43.743905,-79.59213,ON
M9V 4A4,43.747325,-79.5858,ON
M9V 4A5,43.74374,-79.578405,ON
M9V 4A6,43.74165,-79.57549,ON
M9V 4A7,43.743825,-79.57844,ON
M9V 4A8,43.74675,-79.59835,ON
M9V 4A9,43.747325,-79.5858,ON
M9V 4B1,43.74573,-79.589165,ON
M9V 4B2,43.743325,-79.59754,ON
M9V 4B4,43.74448,-79.59118,ON
M9V 4B5,43.7496,-79.59936,ON
M9V 4B6,43.74524,-79.59279,ON
M9V 4B7,43.74962,-79.59924,ON
M9V 4B8,43.73917,-79.59458,ON
M9V 4B9,43.7482,-79.58782,ON
M9V 4C1,43.74914,-79.59872,ON
M9V 4C2,43.74519,-79.597595,ON
M9V 4C3,43.74993,-79.588525,ON
M9V 4C4,43.75124,-79.589155,ON
M9V 4C5,43.750985,-79.59078,ON
M9V 4C6,43.751575,-79.590205,ON
M9V 4C7,43.75143,-79.590055,ON
M9V 4C8,43.75127,-79.590165,ON
M9V 4C9,43.751405,-79.590325,ON
M9V 4E1,43.75148,-79.58993,ON
M9V 4E2,43.751565,-79.589965,ON
M9V 4E3,43.747105,-79.58685,ON
M9V 4E4,43.73902,-79.595625,ON
M9V 4E5,43.741835,-79.593725,ON
M9V 4E6,43.742235,-79.593725,ON
M9V 4E7,43.74272,-79.59194,ON
M9V 4E8,43.743105,-79.591855,ON
M9V 4E9,43.74175,-79.59442,ON
M9V 4G1,43.741835,-79.594455,ON
M9V 4G2,43.743065,-79.592135,ON
M9V 4G3,43.741995,-79.59317,ON
M9V 4G4,43.74208,-79.5932,ON
M9V 4G5,43.741705,-79.59395,ON
M9V 4G6,43.741975,-79.59434,ON
M9V 4G7,43.742055,-79.59252,ON
M9V 4G8,43.742235,-79.593115,ON
M9V 4G9,43.741875,-79.59296,ON
M9V 4H1,43.7419,-79.592845,ON
M9V 4H2,43.742175,-79.592765,ON
M9V 4H3,43.742185,-79.592295,ON
M9V 4H4,43.743065,-79.59207,ON
M9V 4H5,43.743295,-79.59205,ON
M9V 4H6,43.73905,-79.59093,ON
M9V 4H7,43.739565,-79.59019,ON
M9V 4H8,43.739585,-79.590605,ON
M9V 4H9,43.73854,-79.590435,ON
M9V 4J1,43.73982,-79.591295,ON
M9V 4J2,43.739755,-79.591205,ON
M9V 4J3,43.73878,-79.59047,ON
M9V 4J4,43.738865,-79.590505,ON
M9V 4J5,43.738575,-79.590805,ON
M9V 4J6,43.73887,-79.590935,ON
M9V 4J7,43.742505,-79.579505,ON
M9V 4J8,43.74572,-79.59831,ON
M9V 4J9,43.7454,-79.59706,ON
M9V 4K1,43.751285,-79.59175,ON
M9V 4K2,43.75098,-79.59111,ON
M9V 4K3,43.751005,-79.591225,ON
M9V 4K4,43.75133,-79.592035,ON
M9V 4K5,43.75141,-79.592075,ON
M9V 4K6,43.750635,-79.599865,ON
M9V 4K7,43.751825,-79.591925,ON
M9V 4K8,43.75121,-79.591325,ON
M9V 4K9,43.75163,-79.59219,ON
M9V 4L1,43.751715,-79.592205,ON
M9V 4L2,43.751645,-79.590275,ON
M9V 4L3,43.751755,-79.59113,ON
M9V 4L4,43.75191,-79.592,ON
M9V 4L5,43.751675,-79.590955,ON
M9V 4L6,43.751685,-79.59107,ON
M9V 4L8,43.74724,-79.58577,ON
M9V 4L9,43.74086,-79.589915,ON
M9V 4M1,43.747195,-79.586845,ON
M9V 4M2,43.75124,-79.589155,ON
M9V 4M4,43.739605,-79.594965,ON
M9V 4M5,43.73969,-79.595,ON
M9V 4M6,43.74026,-79.59502,ON
M9V 4M7,43.740235,-79.595135,ON
M9V 4M8,43.74053,-79.595085,ON
M9V 4M9,43.74046,-79.59559,ON
M9V 4N1,43.740555,-79.59567,ON
M9V 4N2,43.74013,-79.59549,ON
M9V 4N3,43.739715,-79.59532,ON
M9V 4N4,43.74016,-79.590255,ON
M9V 4N5,43.741065,-79.58475,ON
M9V 4N6,43.7411,-79.584635,ON
M9V 4N7,43.741045,-79.585145,ON
M9V 4N8,43.74108,-79.58503,ON
M9V 4N9,43.748225,-79.587705,ON
M9V 4P1,43.748225,-79.587705,ON
M9V 4P2,43.752305,-79.589815,ON
M9V 4P3,43.74094,-79.592695,ON
M9V 4P4,43.74082,-79.593575,ON
M9V 4P5,43.74114,-79.59292,ON
M9V 4P6,43.741115,-79.59304,ON
M9V 4P7,43.739485,-79.595505,ON
M9V 4P8,43.739565,-79.595535,ON
M9V 4P9,43.739485,-79.595875,ON
M9V 4R1,43.740305,-79.59586,ON
M9V 4R2,43.740385,-79.595895,ON
M9V 4R3,43.740805,-79.59591,ON
M9V 4R4,43.740105,-79.59561,ON
M9V 4R5,43.73967,-79.59573,ON
M9V 4R6,43.74041,-79.59608,ON
M9V 4R7,43.739645,-79.595845,ON
M9V 4R8,43.740205,-79.596115,ON
M9V 4R9,43.752525,-79.596705,ON
M9V 4S1,43.752085,-79.59206,ON
M9V 4S2,43.75211,-79.592175,ON
M9V 4S3,43.75233,-79.592115,ON
M9V 4S4,43.752385,-79.59331,ON
M9V 4S5,43.751945,-79.592865,ON
M9V 4S6,43.752035,-79.59219,ON
M9V 4S7,43.75218,-79.59267,ON
M9V 4S8,43.752285,-79.59223,ON
M9V 4S9,43.75294,-79.5931,ON
M9V 4T1,43.752915,-79.59322,ON
M9V 4T2,43.752865,-79.59118,ON
M9V 4T3,43.752855,-79.5913,ON
M9V 4T4,43.75294,-79.592585,ON
M9V 4T5,43.752955,-79.592705,ON
M9V 4T6,43.753145,-79.59339,ON
M9V 4T7,43.75267,-79.592485,ON
M9V 4T8,43.752695,-79.592875,ON
M9V 4T9,43.75259,-79.593285,ON
M9V 4V1,43.752855,-79.59357,ON
M9V 4V2,43.75287,-79.5907,ON
M9V 4V3,43.7518,-79.59031,ON
M9V 4V4,43.752395,-79.5905,ON
M9V 4V5,43.75267,-79.591025,ON
M9V 4V6,43.7518,-79.590425,ON
M9V 4V7,43.75231,-79.590305,ON
M9V 4V8,43.751895,-79.591285,ON
M9V 4V9,43.751875,-79.591165,ON
M9V 4W2,43.75098,-79.59461,ON
M9V 4W3,43.751225,-79.59487,ON
M9V 4W4,43.75086,-79.59442,ON
M9V 4W5,43.75283,-79.59369,ON
M9V 4W6,43.75247,-79.594105,ON
M9V 4W7,43.75158,-79.59575,ON
M9V 4W8,43.75249,-79.594225,ON
M9V 4W9,43.751625,-79.59565,ON
M9V 4X1,43.750115,-79.594255,ON
M9V 4X2,43.75046,-79.5942,ON
M9V 4X3,43.752075,-79.59575,ON
M9V 4X4,43.75247,-79.59367,ON
M9V 4X5,43.752455,-79.594375,ON
M9V 4X6,43.75179,-79.59296,ON
M9V 4X7,43.752095,-79.59154,ON
M9V 4X8,43.75265,-79.591335,ON
M9V 4X9,43.75233,-79.593405,ON
M9V 4Y1,43.752205,-79.5949,ON
M9V 4Y2,43.75224,-79.59478,ON
M9V 4Y3,43.75234,-79.594005,ON
M9V 4Y4,43.752235,-79.59517,ON
M9V 4Y5,43.752255,-79.59141,ON
M9V 4Y6,43.75086,-79.59584,ON
M9V 4Y7,43.750855,-79.596525,ON
M9V 4Y8,43.751195,-79.59673,ON
M9V 4Y9,43.750865,-79.59701,ON
M9V 4Z1,43.750795,-79.59695,ON
M9V 4Z2,43.751135,-79.596825,ON
M9V 4Z3,43.75062,-79.598405,ON
M9V 4Z4,43.749895,-79.59616,ON
M9V 4Z5,43.750485,-79.596015,ON
M9V 4Z6,43.75016,-79.59616,ON
M9V 4Z7,43.74993,-79.596005,ON
M9V 4Z8,43.74986,-79.596965,ON
M9V 4Z9,43.750495,-79.5983,ON
M9V 5A1,43.75128,-79.59856,ON
M9V 5A2,43.750595,-79.598135,ON
M9V 5A3,43.74978,-79.59753,ON
M9V 5A4,43.751715,-79.598275,ON
M9V 5A5,43.750645,-79.59788,ON
M9V 5A6,43.751115,-79.5976,ON
M9V 5A7,43.751185,-79.597535,ON
M9V 5A8,43.751585,-79.597425,ON
M9V 5A9,43.752385,-79.593635,ON
M9V 5B1,43.74985,-79.59709,ON
M9V 5B2,43.74972,-79.59732,ON
M9V 5B3,43.749455,-79.59768,ON
M9V 5B4,43.74931,-79.597975,ON
M9V 5B5,43.73917,-79.59458,ON
M9V 5B6,43.751715,-79.59671,ON
M9V 5B7,43.75166,-79.5968,ON
M9V 5B8,43.75167,-79.597405,ON
M9V 5B9,43.75049,-79.596135,ON
M9V 5C1,43.74448,-79.578855,ON
M9V 5C2,43.745745,-79.57929,ON
M9V 5C3,43.742205,-79.596535,ON
M9V 5C5,43.753395,-79.59079,ON
M9V 5C6,43.753395,-79.59079,ON
M9V 5C7,43.7494,-79.58789,ON
M9V 5C8,43.74141,-79.58465,ON
M9V 5E2,43.742205,-79.596535,ON
M9V 5E3,43.75288,-79.589695,ON
M9V 5E4,43.752795,-79.58966,ON
M9V 5E5,43.752335,-79.5897,ON
M9V 5E6,43.753115,-79.588955,ON
M9V 5E7,43.753315,-79.588385,ON
M9V 5E8,43.740205,-79.572925,ON
M9V 5E9,43.739915,-79.588845,ON
M9V 5G1,43.73978,-79.58966,ON
M9V 5G2,43.75068,-79.599395,ON
M9V 5G3,43.73925,-79.59461,ON
M9V 5G4,43.73925,-79.59461,ON
M9V 5G5,43.743835,-79.58775,ON
M9V 5G6,43.748225,-79.587705,ON
M9V 5G7,43.749215,-79.58619,ON
M9V 5G8,43.749215,-79.58619,ON
M9V 5G9,43.749215,-79.58619,ON
M9V 5H1,43.750635,-79.599865,ON
M9V 5H3,43.74448,-79.578855,ON
M9V 5H4,43.74446,-79.587405,ON
M9V 5H5,43.74448,-79.59118,ON
M9V 5H6,43.74923,-79.59794,ON
M9V 5H7,43.740865,-79.59644,ON
M9V 5H8,43.744865,-79.593945,ON
M9V 5H9,43.74957,-79.594935,ON
M9V 5J1,43.74489,-79.59159,ON
M9W 1A2,43.696655,-79.58195,ON
M9W 1A3,43.69862,-79.582585,ON
M9W 1A4,43.698705,-79.58262,ON
M9W 1A8,43.702135,-79.57483,ON
M9W 1B2,43.70884,-79.568545,ON
M9W 1B3,43.70742,-79.56933,ON
M9W 1B4,43.70742,-79.56933,ON
M9W 1B6,43.706285,-79.570345,ON
M9W 1B9,43.706285,-79.570345,ON
M9W 1C3,43.706985,-79.57001,ON
M9W 1C4,43.706915,-79.570075,ON
M9W 1C5,43.706945,-79.571335,ON
M9W 1C7,43.709385,-79.567925,ON
M9W 1C8,43.709385,-79.567925,ON
M9W 1E1,43.709465,-79.567975,ON
M9W 1E3,43.704805,-79.58028,ON
M9W 1E4,43.704805,-79.58028,ON
M9W 1E5,43.704885,-79.580315,ON
M9W 1E6,43.70643,-79.581155,ON
M9W 1E7,43.706345,-79.58112,ON
M9W 1E8,43.710175,-79.569625,ON
M9W 1G1,43.71026,-79.56967,ON
M9W 1G3,43.70981,-79.57173,ON
M9W 1G4,43.709485,-79.57309,ON
M9W 1G6,43.709975,-79.57046,ON
M9W 1G7,43.7091,-79.57435,ON
M9W 1G8,43.708755,-79.57575,ON
M9W 1H1,43.70884,-79.575785,ON
M9W 1H2,43.708105,-79.578445,ON
M9W 1H3,43.70819,-79.578475,ON
M9W 1H5,43.707375,-79.582025,ON
M9W 1H6,43.70708,-79.583275,ON
M9W 1H7,43.70368,-79.572825,ON
M9W 1H8,43.703625,-79.57308,ON
M9W 1H9,43.70327,-79.574655,ON
M9W 1J1,43.703765,-79.572855,ON
M9W 1J3,43.7029,-79.576315,ON
M9W 1J5,43.701705,-79.58146,ON
M9W 1J7,43.70148,-79.58366,ON
M9W 1J8,43.701265,-79.585545,ON
M9W 1J9,43.701285,-79.586855,ON
M9W 1K1,43.703455,-79.585755,ON
M9W 1K4,43.70337,-79.58571,ON
M9W 1K5,43.703745,-79.58642,ON
M9W 1K6,43.70366,-79.58638,ON
M9W 1K7,43.705035,-79.58853,ON
M9W 1K9,43.70455,-79.58743,ON
M9W 1L1,43.70464,-79.58746,ON
M9W 1L2,43.7105,-79.57651,ON
M9W 1L3,43.710415,-79.576475,ON
M9W 1L4,43.709755,-79.579305,ON
M9W 1L7,43.7091,-79.582855,ON
M9W 1L8,43.708745,-79.58437,ON
M9W 1L9,43.708745,-79.58437,ON
M9W 1M1,43.708255,-79.586495,ON
M9W 1M2,43.709015,-79.58282,ON
M9W 1M3,43.708175,-79.58646,ON
M9W 1M4,43.707795,-79.588465,ON
M9W 1M5,43.7121,-79.57,ON
M9W 1M6,43.71237,-79.57061,ON
M9W 1M7,43.71237,-79.57061,ON
M9W 1M8,43.71219,-79.572895,ON
M9W 1M9,43.711905,-79.575665,ON
M9W 1N1,43.712455,-79.570655,ON
M9W 1N3,43.71178,-79.57662,ON
M9W 1N4,43.711695,-79.576585,ON
M9W 1N6,43.71516,-79.56526,ON
M9W 1N7,43.714595,-79.56771,ON
M9W 1N8,43.714595,-79.56771,ON
M9W 1P1,43.71482,-79.56637,ON
M9W 1P4,43.71395,-79.570055,ON
M9W 1P5,43.714035,-79.57009,ON
M9W 1P6,43.713815,-79.571045,ON
M9W 1P7,43.713725,-79.571015,ON
M9W 1R2,43.71437,-79.575375,ON
M9W 1R3,43.71437,-79.575375,ON
M9W 1R5,43.72933,-79.59749,ON
M9W 1R6,43.715165,-79.578865,ON
M9W 1R7,43.715665,-79.581035,ON
M9W 1R8,43.715085,-79.578905,ON
M9W 1R9,43.715585,-79.581075,ON
M9W 1S4,43.71383,-79.56349,ON
M9W 1S5,43.71375,-79.56346,ON
M9W 1S6,43.714105,-79.56237,ON
M9W 1S7,43.714265,-79.561285,ON
M9W 1S8,43.71449,-79.56065,ON
M9W 1S9,43.7146,-79.560185,ON
M9W 1T1,43.71472,-79.559695,ON
M9W 1T2,43.71475,-79.55917,ON
M9W 1T3,43.714835,-79.559205,ON
M9W 1T4,43.714965,-79.558635,ON
M9W 1T5,43.714425,-79.56247,ON
M9W 1T6,43.71451,-79.562515,ON
M9W 1T7,43.71432,-79.56353,ON
M9W 1T8,43.714405,-79.56358,ON
M9W 1T9,43.71483,-79.56258,ON
M9W 1V1,43.714915,-79.562615,ON
M9W 1V2,43.715275,-79.56285,ON
M9W 1V3,43.71519,-79.562815,ON
M9W 1V4,43.715645,-79.562935,ON
M9W 1V5,43.715565,-79.5629,ON
M9W 1V6,43.7159,-79.56145,ON
M9W 1V7,43.716135,-79.560375,ON
M9W 1V8,43.7159,-79.559215,ON
M9W 1V9,43.714775,-79.567265,ON
M9W 1W1,43.71479,-79.567135,ON
M9W 1W2,43.71548,-79.566865,ON
M9W 1W3,43.71548,-79.566865,ON
M9W 1W4,43.71625,-79.565935,ON
M9W 1W5,43.71548,-79.566865,ON
M9W 1W6,43.716885,-79.564315,ON
M9W 1W7,43.71719,-79.56407,ON
M9W 1W8,43.71625,-79.563745,ON
M9W 1W9,43.716165,-79.563715,ON
M9W 1X1,43.716275,-79.563175,ON
M9W 1X2,43.71702,-79.56342,ON
M9W 1X3,43.7171,-79.56347,ON
M9W 1X4,43.71696,-79.56257,ON
M9W 1X5,43.717415,-79.56192,ON
M9W 1X6,43.7175,-79.561955,ON
M9W 1X7,43.717155,-79.56125,ON
M9W 1X8,43.716965,-79.561925,ON
M9W 1X9,43.71782,-79.562615,ON
M9W 1Y1,43.71726,-79.56231,ON
M9W 1Y2,43.717145,-79.562455,ON
M9W 1Y3,43.71496,-79.570095,ON
M9W 1Y4,43.714875,-79.57005,ON
M9W 1Y5,43.71441,-79.569465,ON
M9W 1Y6,43.714385,-79.56958,ON
M9W 1Y7,43.71483,-79.569645,ON
M9W 1Y8,43.71509,-79.5696,ON
M9W 1Y9,43.71604,-79.56838,ON
M9W 1Z1,43.716125,-79.568425,ON
M9W 1Z2,43.715905,-79.568965,ON
M9W 1Z3,43.715995,-79.569,ON
M9W 1Z4,43.71563,-79.570685,ON
M9W 1Z5,43.71934,-79.567165,ON
M9W 1Z6,43.71933,-79.567285,ON
M9W 1Z7,43.71821,-79.567695,ON
M9W 1Z8,43.71742,-79.56799,ON
M9W 1Z9,43.716415,-79.56908,ON
M9W 2A1,43.71668,-79.568225,ON
M9W 2A2,43.7162,-79.569985,ON
M9W 2A3,43.71633,-79.56905,ON
M9W 2A4,43.715875,-79.57135,ON
M9W 2A5,43.71591,-79.570805,ON
M9W 2A6,43.71687,-79.567885,ON
M9W 2A7,43.716785,-79.567915,ON
M9W 2A8,43.717135,-79.56614,ON
M9W 2A9,43.71705,-79.566105,ON
M9W 2B1,43.719105,-79.561215,ON
M9W 2B2,43.71918,-79.56129,ON
M9W 2B3,43.71895,-79.561695,ON
M9W 2B4,43.718645,-79.5621,ON
M9W 2B5,43.71843,-79.56275,ON
M9W 2B6,43.718125,-79.56316,ON
M9W 2B7,43.718545,-79.565555,ON
M9W 2B8,43.71652,-79.569355,ON
M9W 2B9,43.716485,-79.569475,ON
M9W 2C1,43.716375,-79.570955,ON
M9W 2C2,43.7179,-79.56793,ON
M9W 2C3,43.71799,-79.567935,ON
M9W 2C4,43.717265,-79.56883,ON
M9W 2C5,43.716235,-79.56866,ON
M9W 2C6,43.71599,-79.56855,ON
M9W 2C7,43.71621,-79.568775,ON
M9W 2C8,43.715965,-79.568665,ON
M9W 2C9,43.718505,-79.56547,ON
M9W 2E1,43.71844,-79.56539,ON
M9W 2E2,43.716905,-79.570195,ON
M9W 2E3,43.71699,-79.57024,ON
M9W 2E4,43.717645,-79.56924,ON
M9W 2E5,43.71807,-79.568855,ON
M9W 2E6,43.717795,-79.56898,ON
M9W 2E7,43.718955,-79.568465,ON
M9W 2E8,43.71915,-79.568845,ON
M9W 2E9,43.718705,-79.56807,ON
M9W 2G1,43.718775,-79.570735,ON
M9W 2G2,43.7193,-79.56956,ON
M9W 2G3,43.71721,-79.571015,ON
M9W 2G4,43.718325,-79.571545,ON
M9W 2G5,43.717875,-79.571465,ON
M9W 2G6,43.716595,-79.570725,ON
M9W 2G7,43.717175,-79.571135,ON
M9W 2G8,43.71765,-79.57101,ON
M9W 2G9,43.717735,-79.571055,ON
M9W 2H1,43.71751,-79.571515,ON
M9W 2H2,43.717595,-79.57156,ON
M9W 2H3,43.71738,-79.57206,ON
M9W 2H4,43.71964,-79.56226,ON
M9W 2H5,43.719725,-79.56229,ON
M9W 2H6,43.71948,-79.563415,ON
M9W 2H7,43.719325,-79.56405,ON
M9W 2H8,43.719485,-79.562935,ON
M9W 2H9,43.718755,-79.56606,ON
M9W 2J1,43.720015,-79.56269,ON
M9W 2J2,43.720095,-79.56272,ON
M9W 2J3,43.72047,-79.56305,ON
M9W 2J4,43.720385,-79.56302,ON
M9W 2J5,43.7203,-79.56379,ON
M9W 2J6,43.720215,-79.563745,ON
M9W 2J7,43.72006,-79.56438,ON
M9W 2J8,43.719435,-79.56698,ON
M9W 2J9,43.7194,-79.567505,ON
M9W 2K1,43.719465,-79.567895,ON
M9W 2K2,43.71952,-79.567025,ON
M9W 2K3,43.719675,-79.56827,ON
M9W 2K4,43.71979,-79.56871,ON
M9W 2K5,43.72006,-79.569365,ON
M9W 2K6,43.72044,-79.56958,ON
M9W 2K7,43.720775,-79.569865,ON
M9W 2K8,43.72118,-79.57005,ON
M9W 2K9,43.72146,-79.57021,ON
M9W 2L1,43.721215,-79.569935,ON
M9W 2L2,43.721805,-79.57065,ON
M9W 2L3,43.721875,-79.570585,ON
M9W 2L4,43.72197,-79.570885,ON
M9W 2L5,43.72194,-79.5723,ON
M9W 2L6,43.721925,-79.57145,ON
M9W 2L7,43.72211,-79.57285,ON
M9W 2L8,43.72202,-79.57225,ON
M9W 2L9,43.722285,-79.573345,ON
M9W 2M1,43.72236,-79.57329,ON
M9W 2M2,43.7228,-79.57388,ON
M9W 2M3,43.72096,-79.56175,ON
M9W 2M4,43.7213,-79.56249,ON
M9W 2M5,43.721215,-79.56245,ON
M9W 2M7,43.718435,-79.567805,ON
M9W 2M8,43.71852,-79.567775,ON
M9W 2M9,43.71867,-79.568525,ON
M9W 2N1,43.718745,-79.56859,ON
M9W 2N2,43.718395,-79.569615,ON
M9W 2N3,43.71831,-79.56958,ON
M9W 2N4,43.71812,-79.57171,ON
M9W 2N5,43.71821,-79.571695,ON
M9W 2N6,43.721485,-79.56299,ON
M9W 2N7,43.72156,-79.56305,ON
M9W 2N8,43.722785,-79.560705,ON
M9W 2N9,43.72253,-79.560385,ON
M9W 2P1,43.72192,-79.56212,ON
M9W 2P2,43.722725,-79.56132,ON
M9W 2P3,43.716905,-79.5618,ON
M9W 2P4,43.717275,-79.56065,ON
M9W 2P5,43.721365,-79.563585,ON
M9W 2P6,43.72128,-79.563535,ON
M9W 2P7,43.720725,-79.565725,ON
M9W 2P8,43.720615,-79.56663,ON
M9W 2P9,43.71971,-79.572745,ON
M9W 2R1,43.719745,-79.572635,ON
M9W 2R2,43.719445,-79.57186,ON
M9W 2R3,43.7193,-79.57155,ON
M9W 2R4,43.719925,-79.568475,ON
M9W 2R5,43.719875,-79.568375,ON
M9W 2R6,43.72048,-79.56816,ON
M9W 2R7,43.720565,-79.5682,ON
M9W 2R8,43.72057,-79.56916,ON
M9W 2R9,43.72092,-79.56768,ON
M9W 2S1,43.720835,-79.567645,ON
M9W 2S2,43.72033,-79.569265,ON
M9W 2S3,43.720405,-79.56932,ON
M9W 2S4,43.719575,-79.57206,ON
M9W 2S5,43.719545,-79.571945,ON
M9W 2S6,43.719765,-79.57313,ON
M9W 2S7,43.71985,-79.57316,ON
M9W 2S8,43.71995,-79.572305,ON
M9W 2S9,43.720255,-79.571445,ON
M9W 2T1,43.7204,-79.570335,ON
M9W 2T2,43.72139,-79.56792,ON
M9W 2T3,43.72113,-79.56904,ON
M9W 2T4,43.721475,-79.567965,ON
M9W 2T5,43.72086,-79.570705,ON
M9W 2T6,43.72077,-79.570675,ON
M9W 2T7,43.72116,-79.571665,ON
M9W 2T8,43.721225,-79.570585,ON
M9W 2T9,43.72131,-79.570635,ON
M9W 2V1,43.72217,-79.56978,ON
M9W 2V2,43.7221,-79.569705,ON
M9W 2V3,43.72185,-79.570185,ON
M9W 2V4,43.72157,-79.570885,ON
M9W 2V5,43.72165,-79.57094,ON
M9W 2V6,43.721295,-79.57191,ON
M9W 2V7,43.72135,-79.57222,ON
M9W 2V8,43.721835,-79.57258,ON
M9W 2V9,43.721865,-79.572695,ON
M9W 2W1,43.72267,-79.56958,ON
M9W 2W2,43.72274,-79.569655,ON
M9W 2W3,43.722295,-79.57025,ON
M9W 2W4,43.723045,-79.570125,ON
M9W 2W5,43.723055,-79.570245,ON
M9W 2W6,43.722665,-79.57077,ON
M9W 2W7,43.72245,-79.5715,ON
M9W 2W8,43.7226,-79.572915,ON
M9W 2W9,43.72262,-79.573035,ON
M9W 2X1,43.72337,-79.572975,ON
M9W 2X2,43.72348,-79.57403,ON
M9W 2X3,43.723375,-79.574445,ON
M9W 2X4,43.723345,-79.574925,ON
M9W 2X5,43.722305,-79.57359,ON
M9W 2X6,43.723655,-79.571615,ON
M9W 2X7,43.723415,-79.57194,ON
M9W 2X8,43.72347,-79.572035,ON
M9W 2X9,43.723265,-79.57229,ON
M9W 2Y1,43.723205,-79.5722,ON
M9W 2Y2,43.724065,-79.572935,ON
M9W 2Y3,43.72415,-79.57298,ON
M9W 2Y4,43.72451,-79.57212,ON
M9W 2Y5,43.724585,-79.57218,ON
M9W 2Y6,43.72448,-79.572615,ON
M9W 2Y7,43.724565,-79.57266,ON
M9W 2Y8,43.724435,-79.573125,ON
M9W 2Y9,43.72458,-79.57334,ON
M9W 2Z1,43.715845,-79.57226,ON
M9W 2Z2,43.71576,-79.572225,ON
M9W 2Z3,43.715685,-79.573395,ON
M9W 2Z4,43.715595,-79.57341,ON
M9W 2Z7,43.71647,-79.57709,ON
M9W 3A1,43.71646,-79.573935,ON
M9W 3A2,43.716545,-79.573935,ON
M9W 3A3,43.71749,-79.57314,ON
M9W 3A4,43.717575,-79.57319,ON
M9W 3A5,43.717395,-79.573915,ON
M9W 3A7,43.717305,-79.573885,ON
M9W 3A8,43.717515,-79.575435,ON
M9W 3B1,43.717165,-79.57934,ON
M9W 3B2,43.717125,-79.57945,ON
M9W 3B3,43.72138,-79.575245,ON
M9W 3B4,43.721365,-79.57537,ON
M9W 3B5,43.72042,-79.574985,ON
M9W 3B6,43.720455,-79.57487,ON
M9W 3B7,43.72008,-79.574835,ON
M9W 3B8,43.719685,-79.574655,ON
M9W 3B9,43.71925,-79.57456,ON
M9W 3C1,43.71871,-79.576115,ON
M9W 3C2,43.718215,-79.576795,ON
M9W 3C3,43.718075,-79.57738,ON
M9W 3C4,43.718125,-79.57678,ON
M9W 3C5,43.717915,-79.57791,ON
M9W 3C6,43.7177,-79.57842,ON
M9W 3C7,43.717515,-79.578685,ON
M9W 3C8,43.71736,-79.579245,ON
M9W 3C9,43.717295,-79.57958,ON
M9W 3E1,43.717275,-79.57921,ON
M9W 3E2,43.717205,-79.579555,ON
M9W 3E3,43.716955,-79.58117,ON
M9W 3E4,43.71688,-79.581105,ON
M9W 3E5,43.71721,-79.58266,ON
M9W 3E6,43.71938,-79.574525,ON
M9W 3E7,43.71711,-79.58196,ON
M9W 3E8,43.717195,-79.581995,ON
M9W 3E9,43.71742,-79.581065,ON
M9W 3G1,43.717335,-79.58103,ON
M9W 3G2,43.719945,-79.57382,ON
M9W 3G3,43.720035,-79.573855,ON
M9W 3G4,43.719935,-79.574265,ON
M9W 3G5,43.720135,-79.57509,ON
M9W 3G6,43.720225,-79.575125,ON
M9W 3G7,43.72001,-79.575665,ON
M9W 3G8,43.720475,-79.575905,ON
M9W 3G9,43.72039,-79.57586,ON
M9W 3H1,43.720615,-79.57534,ON
M9W 3H2,43.72074,-79.574785,ON
M9W 3H3,43.72065,-79.57475,ON
M9W 3H4,43.71794,-79.582295,ON
M9W 3H5,43.71803,-79.58233,ON
M9W 3H6,43.71967,-79.583125,ON
M9W 3H7,43.719735,-79.583215,ON
M9W 3H8,43.720305,-79.58235,ON
M9W 3H9,43.72051,-79.581825,ON
M9W 3J1,43.72068,-79.581335,ON
M9W 3J2,43.718935,-79.57627,ON
M9W 3J3,43.71902,-79.57623,ON
M9W 3J4,43.71923,-79.577455,ON
M9W 3J5,43.719435,-79.578055,ON
M9W 3J6,43.71917,-79.57914,ON
M9W 3J7,43.71899,-79.580015,ON
M9W 3J8,43.71908,-79.58003,ON
M9W 3J9,43.718885,-79.580635,ON
M9W 3K1,43.718745,-79.58124,ON
M9W 3K2,43.719875,-79.57819,ON
M9W 3K3,43.719945,-79.578255,ON
M9W 3K4,43.71938,-79.58305,ON
M9W 3K5,43.719355,-79.583165,ON
M9W 3K6,43.719615,-79.58231,ON
M9W 3K7,43.719575,-79.582475,ON
M9W 3K8,43.71936,-79.57946,ON
M9W 3K9,43.719335,-79.579575,ON
M9W 3L1,43.71973,-79.579625,ON
M9W 3L2,43.720685,-79.576585,ON
M9W 3L3,43.72062,-79.577335,ON
M9W 3L4,43.7206,-79.576555,ON
M9W 3L5,43.72054,-79.577865,ON
M9W 3L6,43.720415,-79.57924,ON
M9W 3L7,43.720495,-79.579275,ON
M9W 3L8,43.720795,-79.57697,ON
M9W 3L9,43.7208,-79.577095,ON
M9W 3M1,43.721935,-79.574745,ON
M9W 3M2,43.72185,-79.57498,ON
M9W 3M3,43.721795,-79.575275,ON
M9W 3M4,43.721575,-79.575655,ON
M9W 3M5,43.721495,-79.576225,ON
M9W 3M6,43.72158,-79.576235,ON
M9W 3M7,43.72143,-79.57672,ON
M9W 3M8,43.72144,-79.578765,ON
M9W 3M9,43.721245,-79.5792,ON
M9W 3N1,43.72118,-79.579875,ON
M9W 3N2,43.72103,-79.58045,ON
M9W 3N3,43.72219,-79.575465,ON
M9W 3N4,43.722265,-79.57552,ON
M9W 3N5,43.72155,-79.578585,ON
M9W 3N6,43.72151,-79.578695,ON
M9W 3N7,43.72184,-79.57969,ON
M9W 3N8,43.708205,-79.573465,ON
M9W 3P1,43.71881,-79.56045,ON
M9W 3P2,43.71997,-79.56201,ON
M9W 3P3,43.72031,-79.56244,ON
M9W 3P4,43.720565,-79.56272,ON
M9W 3P5,43.720905,-79.56286,ON
M9W 3P6,43.721265,-79.56316,ON
M9W 3P7,43.72186,-79.563725,ON
M9W 3P8,43.715045,-79.5591,ON
M9W 3P9,43.71508,-79.558985,ON
M9W 3R1,43.714635,-79.55945,ON
M9W 3R2,43.715,-79.5595,ON
M9W 3R3,43.714965,-79.559615,ON
M9W 3R4,43.714795,-79.55994,ON
M9W 3R5,43.71477,-79.560055,ON
M9W 3R6,43.71595,-79.56059,ON
M9W 3R7,43.71468,-79.56044,ON
M9W 3R8,43.714645,-79.56056,ON
M9W 3R9,43.71449,-79.560825,ON
M9W 3S1,43.714465,-79.56094,ON
M9W 3S2,43.714975,-79.561605,ON
M9W 3S3,43.71519,-79.56186,ON
M9W 3S4,43.7154,-79.561935,ON
M9W 3S5,43.715605,-79.5622,ON
M9W 3S6,43.714145,-79.56164,ON
M9W 3S7,43.71411,-79.561755,ON
M9W 3S8,43.71412,-79.562985,ON
M9W 3S9,43.714095,-79.5631,ON
M9W 3T1,43.714395,-79.56312,ON
M9W 3T2,43.714905,-79.563325,ON
M9W 3T3,43.715805,-79.56375,ON
M9W 3T4,43.716235,-79.56399,ON
M9W 3T5,43.71609,-79.56344,ON
M9W 3T6,43.71719,-79.56362,ON
M9W 3T7,43.71713,-79.563715,ON
M9W 3T8,43.71726,-79.5645,ON
M9W 3T9,43.717195,-79.564585,ON
M9W 3V1,43.717195,-79.564585,ON
M9W 3V2,43.718715,-79.56242,ON
M9W 3V3,43.718675,-79.562525,ON
M9W 3V4,43.718685,-79.561845,ON
M9W 3V5,43.719155,-79.561675,ON
M9W 3V6,43.71922,-79.56159,ON
M9W 3V7,43.719715,-79.56321,ON
M9W 3V8,43.72048,-79.56357,ON
M9W 3V9,43.719785,-79.563835,ON
M9W 3W1,43.71976,-79.56395,ON
M9W 3W2,43.72087,-79.56609,ON
M9W 3W3,43.720845,-79.56621,ON
M9W 3W4,43.71434,-79.56437,ON
M9W 3W5,43.71434,-79.56437,ON
M9W 3W6,43.713775,-79.56397,ON
M9W 3W7,43.71566,-79.564875,ON
M9W 3W8,43.715635,-79.56499,ON
M9W 3W9,43.715635,-79.56499,ON
M9W 3X1,43.716855,-79.565415,ON
M9W 3X2,43.71683,-79.56553,ON
M9W 3X3,43.717605,-79.56589,ON
M9W 3X4,43.71837,-79.566235,ON
M9W 3X6,43.720005,-79.566885,ON
M9W 3X7,43.71998,-79.567005,ON
M9W 3X8,43.71998,-79.567005,ON
M9W 3X9,43.72071,-79.567195,ON
M9W 3Y1,43.72121,-79.567575,ON
M9W 3Y2,43.71712,-79.566695,ON
M9W 3Y3,43.71713,-79.566575,ON
M9W 3Y4,43.715845,-79.57046,ON
M9W 3Y5,43.71581,-79.570575,ON
M9W 3Y6,43.717935,-79.56911,ON
M9W 3Y7,43.718,-79.569025,ON
M9W 3Y8,43.718615,-79.569365,ON
M9W 3Y9,43.71859,-79.56948,ON
M9W 3Z1,43.71765,-79.5694,ON
M9W 3Z2,43.717575,-79.56947,ON
M9W 3Z3,43.717985,-79.569775,ON
M9W 3Z4,43.718495,-79.569875,ON
M9W 3Z5,43.718815,-79.570205,ON
M9W 3Z6,43.717525,-79.569765,ON
M9W 3Z7,43.717595,-79.569845,ON
M9W 3Z8,43.71802,-79.57094,ON
M9W 3Z9,43.71855,-79.571615,ON
M9W 4A1,43.71862,-79.571535,ON
M9W 4A2,43.71946,-79.56931,ON
M9W 4A3,43.719465,-79.56943,ON
M9W 4A4,43.716535,-79.571665,ON
M9W 4A5,43.71662,-79.571715,ON
M9W 4A6,43.72021,-79.57184,ON
M9W 4A7,43.720195,-79.57196,ON
M9W 4A8,43.71757,-79.568865,ON
M9W 4A9,43.717645,-79.568805,ON
M9W 4B1,43.71933,-79.56785,ON
M9W 4B2,43.719625,-79.567875,ON
M9W 4B3,43.71966,-79.567985,ON
M9W 4B4,43.72042,-79.567835,ON
M9W 4B5,43.7207,-79.56797,ON
M9W 4B6,43.72116,-79.56819,ON
M9W 4B7,43.72092,-79.56793,ON
M9W 4B8,43.721805,-79.569675,ON
M9W 4B9,43.72175,-79.569775,ON
M9W 4C1,43.722445,-79.56963,ON
M9W 4C2,43.72239,-79.56973,ON
M9W 4C3,43.722025,-79.57122,ON
M9W 4C4,43.722015,-79.571345,ON
M9W 4C5,43.72106,-79.57239,ON
M9W 4C6,43.721085,-79.57227,ON
M9W 4C7,43.721615,-79.57207,ON
M9W 4C8,43.72161,-79.57195,ON
M9W 4C9,43.722225,-79.571955,ON
M9W 4E1,43.7222,-79.571835,ON
M9W 4E2,43.722745,-79.57165,ON
M9W 4E3,43.722685,-79.57356,ON
M9W 4E4,43.722745,-79.573655,ON
M9W 4E5,43.724865,-79.57396,ON
M9W 4E6,43.72495,-79.574005,ON
M9W 4E7,43.724785,-79.574615,ON
M9W 4E8,43.72401,-79.57482,ON
M9W 4E9,43.723605,-79.57465,ON
M9W 4G1,43.724865,-79.57454,ON
M9W 4G2,43.72489,-79.574425,ON
M9W 4G3,43.722765,-79.569185,ON
M9W 4G4,43.722695,-79.56926,ON
M9W 4G5,43.72295,-79.56972,ON
M9W 4G6,43.72319,-79.570625,ON
M9W 4G7,43.72402,-79.57212,ON
M9W 4G8,43.72406,-79.572005,ON
M9W 4G9,43.724755,-79.572645,ON
M9W 4H1,43.724555,-79.57234,ON
M9W 4H2,43.722775,-79.570775,ON
M9W 4H3,43.72286,-79.57076,ON
M9W 4H4,43.72369,-79.572555,ON
M9W 4H5,43.72373,-79.572445,ON
M9W 4H6,43.72428,-79.57297,ON
M9W 4H7,43.72475,-79.573405,ON
M9W 4H8,43.72451,-79.573065,ON
M9W 4H9,43.72513,-79.573645,ON
M9W 4J1,43.708775,-79.568345,ON
M9W 4J4,43.71074,-79.56919,ON
M9W 4J5,43.712315,-79.57004,ON
M9W 4J6,43.71318,-79.570455,ON
M9W 4J7,43.71445,-79.57094,ON
M9W 4J8,43.71445,-79.57094,ON
M9W 4J9,43.714425,-79.571055,ON
M9W 4K1,43.714425,-79.571055,ON
M9W 4K2,43.70455,-79.58743,ON
M9W 4K3,43.715415,-79.5714,ON
M9W 4K4,43.715855,-79.5716,ON
M9W 4K5,43.7162,-79.57188,ON
M9W 4K6,43.716945,-79.57211,ON
M9W 4K7,43.71754,-79.572395,ON
M9W 4K8,43.71754,-79.572395,ON
M9W 4K9,43.71827,-79.572865,ON
M9W 4L1,43.719315,-79.57323,ON
M9W 4L2,43.7199,-79.573525,ON
M9W 4L3,43.720465,-79.5738,ON
M9W 4L4,43.72044,-79.573915,ON
M9W 4L5,43.72146,-79.57428,ON
M9W 4L6,43.72264,-79.57484,ON
M9W 4L7,43.723525,-79.57527,ON
M9W 4L8,43.70736,-79.570945,ON
M9W 4L9,43.707335,-79.57083,ON
M9W 4M1,43.707335,-79.57083,ON
M9W 4M2,43.708095,-79.56914,ON
M9W 4M3,43.708165,-79.56907,ON
M9W 4M5,43.707165,-79.57254,ON
M9W 4M6,43.70881,-79.573435,ON
M9W 4M7,43.714035,-79.572815,ON
