4553BN,3.759382,51.283021
4553BP,3.759382,51.283021
4553BR,3.757707,51.283179
4553BS,3.757707,51.283179
4553BT,3.759984,51.284616
4553BV,3.758866,51.285782
4553BW,3.758878,51.286322
4553BX,3.756643,51.28392
4553BZ,3.756643,51.28392
4553CA,3.756143,51.283225
4553CB,3.756139,51.284077
4553CC,3.756139,51.284077
4553CD,3.757879,51.286212
4553CE,3.757879,51.286212
4553CG,3.755744,51.284594
4553CH,3.756138,51.285688
4553CJ,3.761437,51.282222
4553CK,3.756915,51.285314
4553CL,3.756125,51.28478
4553CM,3.7575,51.283758
4553CN,3.757218,51.284267
4553CP,3.758332,51.284583
4553CR,3.758332,51.284583
4553CS,3.752676,51.283308
4553CT,3.756979,51.285917
4553CV,3.753649,51.283995
4553CW,3.751708,51.284853
4553CX,3.751349,51.284673
4553CZ,3.760365,51.283081
4553DA,3.752358,51.284571
4553DB,3.750389,51.284037
4553EA,3.764216,51.284113
4553EB,3.764216,51.284113
4553EC,3.763317,51.286635
4553ED,3.764216,51.284113
4553NA,3.7572,51.275
4553NB,3.7574,51.2705
4553NE,3.780987,51.269377
4553NG,3.752794,51.270994
4553NH,3.7616,51.2724
4553NJ,3.7616,51.2724
4553NK,3.7616,51.2724
4553NL,3.7616,51.2724
4553PA,3.708785,51.29251
4553PB,3.6997,51.2787
4553PD,3.7141,51.2789
4553PE,3.732787,51.276105
4553PJ,3.724468,51.300968
4553PL,3.755487,51.292962
4553PM,3.714174,51.275617
4553PN,3.747663,51.278804
4553PP,3.723303,51.278195
4553PR,3.740517,51.291455
4553PS,3.752109,51.281363
4553PT,3.755501,51.285999
4553PV,3.73822,51.295869
4554AA,3.809949,51.229375
4554AB,3.809148,51.228278
4554AC,3.810931,51.227596
4554AD,3.812674,51.229837
4554AE,3.828768,51.23364
4554AG,3.815006,51.229701
4554AH,3.815006,51.229701
4554AJ,3.821919,51.231061
4554AK,3.821919,51.231061
4554AL,3.825519,51.232562
4554AM,3.828768,51.23364
4554AN,3.829425,51.233921
4554AP,3.821379,51.240993
4554AW,3.821383,51.229831
4554AX,3.822223,51.229999
4554AZ,3.823617,51.230582
4554BA,3.824697,51.231004
4554BB,3.82531,51.231967
4554BC,3.829372,51.232157
4554BD,3.829372,51.232157
4554BE,3.829372,51.232157
4554BG,3.826494,51.232148
4554BH,3.820245,51.229958
4554BJ,3.82767,51.231006
4554BK,3.82767,51.231006
4554BL,3.82776,51.232858
4554BM,3.82776,51.232858
4554BN,3.82682,51.230732
4554BP,3.825096,51.229385
4554BR,3.826071,51.230916
4554BS,3.823862,51.23109
4554BT,3.823862,51.23109
4554BV,3.822601,51.230608
4554BW,3.822601,51.230608
4554BX,3.825858,51.230597
4554CA,3.830326,51.234053
4554CB,3.830326,51.234053
4554CC,3.836715,51.235368
4554CD,3.836715,51.235368
4554CE,3.829113,51.23381
4554CG,3.829113,51.23381
4554CH,3.829113,51.23381
4554CJ,3.828841,51.232844
4554CK,3.830144,51.231648
4554CL,3.830144,51.231648
4554CM,3.830667,51.231094
4554CN,3.830667,51.231094
4554CP,3.830667,51.231094
4554CR,3.825126,51.230715
4554CS,3.824321,51.22887
4554CT,3.822739,51.229679
4554CV,3.823953,51.229668
4554CW,3.824647,51.230046
4554LA,3.836715,51.235368
4554LB,3.845803,51.240338
4554LC,3.845803,51.240338
4554LD,3.851765,51.245044
4554LE,3.851765,51.245044
4554LG,3.854761,51.248688
4554LH,3.858729,51.246685
4554LJ,3.855415,51.250889
4554LK,3.865183,51.258541
4554LL,3.871686,51.267728
4554LM,3.845523,51.240375
4554LN,3.822035,51.24847
4554LP,3.811243,51.229672
4554LR,3.816306,51.228836
4554LS,3.825408,51.211011
4554LT,3.861134,51.218688
4554LV,3.829286,51.229075
4554LW,3.849027,51.26689
4554LX,3.850078,51.256821
4554LZ,3.834645,51.2504
4554MA,3.8289,51.2337
4561AA,4.050227,51.279918
4561AB,4.050774,51.279206
4561AC,4.050774,51.279206
4561AD,4.050774,51.279206
4561AE,4.050774,51.279206
4561AG,4.050699,51.280978
4561AH,4.049521,51.281298
4561AJ,4.050128,51.282016
4561AK,4.050106,51.281249
4561AL,4.049807,51.282744
4561AM,4.051644,51.280343
4561AN,4.051304,51.280838
4561AP,4.052577,51.280611
4561AR,4.052666,51.280811
4561AS,4.051705,51.281433
4561AT,4.052841,51.281015
4561AV,4.053015,51.281239
4561AW,4.053329,51.281007
4561AX,4.053257,51.280595
4561AZ,4.051696,51.281794
4561BA,4.052241,51.28184
4561BB,4.051652,51.282892
4561BC,4.051205,51.282352
4561BD,4.051305,51.282886
4561BE,4.051567,51.282408
4561BG,4.05278,51.282652
4561BH,4.052966,51.282648
4561BJ,4.051048,51.28287
4561BK,4.051784,51.283225
4561BL,4.055712,51.282295
4561BM,4.055712,51.282295
4561BN,4.055712,51.282295
4561BP,4.053441,51.282835
4561BR,4.052627,51.282098
4561BS,4.052627,51.282098
4561BT,4.054061,51.282562
4561BV,4.054703,51.282364
4561BW,4.053362,51.282303
4561BX,4.05367,51.282307
4561BZ,4.053845,51.282136
4561CA,4.054019,51.281665
4561CB,4.05424,51.282212
4561CC,4.053423,51.281693
4561CD,4.053825,51.281395
4561CE,4.054418,51.28156
4561CG,4.055675,51.281629
4561CH,4.055675,51.281629
4561CJ,4.055675,51.281629
4561CK,4.055675,51.281629
4561CL,4.056177,51.28229
4561CM,4.056592,51.281976
4561CN,4.056744,51.281498
4561CP,4.056744,51.281498
4561CR,4.055968,51.281335
4561CS,4.056604,51.280909
4561CT,4.057212,51.280842
4561CV,4.056515,51.280224
4561CW,4.056434,51.280125
4561CX,4.055491,51.280474
4561CZ,4.0552,51.2824
4561DA,4.049357,51.280802
4561DZ,4.057585,51.279503
4561EA,4.053581,51.279706
4561EB,4.053581,51.279706
4561EC,4.05446,51.279232
4561ED,4.05446,51.279232
4561EE,4.056885,51.279272
4561EG,4.055097,51.278789
4561EH,4.051166,51.278746
4561EJ,4.051166,51.278746
4561EK,4.051166,51.278746
4561EL,4.051554,51.278639
4561EM,4.052675,51.279239
4561EN,4.052189,51.278404
4561EP,4.056773,51.279046
4561ER,4.054646,51.27973
4561ES,4.056141,51.279793
4561ET,4.055954,51.279517
4561EZ,4.052762,51.282069
4561GA,4.050701,51.27867
4561GB,4.050947,51.277217
4561GC,4.049701,51.276363
4561GD,4.025921,51.273053
4561GE,4.047503,51.275681
4561GG,4.050525,51.276327
4561GH,4.044254,51.274335
4561GJ,4.046433,51.272423
4561GK,4.050043,51.275638
4561GL,4.050043,51.275638
4561GM,4.050043,51.275638
4561GN,4.050043,51.275638
4561GP,4.050043,51.275638
4561GR,4.053019,51.275233
4561GS,4.060592,51.27512
4561GT,4.051069,51.276304
4561GV,4.058228,51.276784
4561GW,4.058086,51.28372
4561GX,4.056748,51.270677
4561GZ,6.235131,50.626218
4561HA,4.049092,51.284831
4561HB,4.044439,51.287158
4561HC,4.044439,51.287158
4561HD,4.043686,51.286176
4561HE,4.046778,51.286647
4561HG,4.056755,51.284306
4561HH,4.054566,51.286277
4561HJ,4.049355,51.284834
4561HK,4.048818,51.285321
4561HL,4.049355,51.284834
4561HM,4.048818,51.285321
4561HN,4.045648,51.291958
4561HP,4.044813,51.288963
4561HR,4.050396,51.286383
4561HS,4.050396,51.286383
4561HT,4.050461,51.287123
4561HV,4.050461,51.287123
4561HW,4.050671,51.287898
4561HX,4.049728,51.286879
4561HZ,4.052922,51.292845
4561JA,4.049044,51.288521
4561JB,4.049044,51.288521
4561JC,4.048515,51.289312
4561JD,4.048555,51.28882
4561JE,4.047627,51.28885
4561JG,4.049571,51.289303
4561JH,4.049247,51.29061
4561JJ,4.048565,51.290718
4561JK,4.048818,51.289805
4561JL,4.05029,51.289887
4561JW,4.051505,51.2867
4561JX,4.052477,51.287017
4561JZ,4.051182,51.290324
4561KA,4.04629,51.291346
4561KB,4.04629,51.291346
4561KC,4.050788,51.292164
4561KD,4.050788,51.292164
4561KE,4.048715,51.291948
4561KG,4.050115,51.292713
4561KH,4.047627,51.292855
4561KJ,4.047263,51.292137
4561KK,4.049463,51.293931
4561KL,4.049229,51.292966
4561KM,4.050273,51.29294
4561KN,4.049176,51.291166
4561KP,4.050714,51.291351
4561KR,4.050714,51.291351
4561KS,4.050542,51.290675
4561KT,4.050542,51.290675
4561KV,4.05051,51.290242
4561KW,4.051268,51.289635
4561KX,4.051268,51.289635
4561KZ,4.051268,51.289635
4561LA,4.050694,51.29174
4561LB,4.052024,51.291089
4561LC,4.05337,51.291663
4561LD,4.052626,51.291913
4561LE,4.052626,51.291913
4561LG,4.052626,51.291913
4561LH,4.051522,51.290945
4561LJ,4.055142,51.29308
4561LK,4.051522,51.290945
4561LL,4.055142,51.29308
4561LM,4.053358,51.292268
4561LN,4.056477,51.290546
4561LP,4.055302,51.29089
4561LR,4.056477,51.290546
4561LS,4.057178,51.291244
4561LT,4.057178,51.291244
4561LV,4.057178,51.291244
4561LW,4.057341,51.292366
4561LX,4.056527,51.291003
4561LZ,4.055492,51.291475
4561MA,4.049779,51.295933
4561MB,4.053785,51.294161
4561MC,4.049779,51.295933
4561MD,4.053863,51.294425
4561ME,4.052612,51.294833
4561MG,4.051311,51.295157
4561MH,4.052892,51.293549
4561MJ,4.051743,51.294548
4561MK,4.050411,51.294841
4561ML,4.049505,51.295444
4561MN,4.047955,51.295474
4561MP,4.046653,51.295634
4561MR,4.047899,51.294769
4561MS,4.046476,51.294484
4561MT,4.046476,51.294484
4561NA,4.059754,51.292321
4561NB,4.056281,51.292401
4561NC,4.057594,51.291946
4561ND,4.058154,51.291783
4561NE,4.057667,51.29258
4561NG,4.057667,51.29258
4561NH,4.057667,51.29258
4561NJ,4.057667,51.29258
4561NK,4.057702,51.293308
4561NL,4.057702,51.293308
4561NM,4.057702,51.293308
4561NN,4.058199,51.293456
4561NP,4.058361,51.290989
4561NR,4.058361,51.290989
4561NS,4.057236,51.289476
4561NT,4.062416,51.290186
4561NV,4.062233,51.292136
4561NW,4.05626,51.289779
4561NX,4.057238,51.291758
4561NZ,4.055693,51.292638
4561PA,4.040041,51.272816
4561PB,4.039845,51.27166
4561PC,4.042199,51.270356
4561PD,4.033311,51.271904
4561PE,4.0411,51.2714
4561PW,3.999995,51.266179
4561PX,4.001419,51.266056
4561PZ,4.002236,51.268577
4561RA,4.039751,51.278185
4561RB,4.040388,51.259843
4561RC,4.025366,51.264841
4561RD,4.010255,51.269836
4561RE,3.994668,51.258546
4561RG,4.018937,51.272626
4561RH,4.015829,51.274706
4561RJ,4.016408,51.274616
4561RK,4.005407,51.264768
4561RL,4.001002,51.266901
4561RM,3.987336,51.274832
4561RN,4.005583,51.287568
4561RP,4.004247,51.299477
4561RR,3.998424,51.300125
4561RS,3.9857,51.305
4561RT,4.028097,51.294243
4561RV,4.0288,51.301
4561RW,4.041894,51.304529
4561RX,4.063293,51.317047
4561RZ,4.098029,51.301652
4561SB,4.05266,51.285441
4561SC,4.056992,51.288499
4561SE,4.061425,51.293199
4561SG,4.054441,51.297097
4561SH,4.077564,51.293546
4561SJ,4.077564,51.293546
4561SK,4.061239,51.303457
4561SL,4.044227,51.297141
4561SM,4.082825,51.300437
4561TA,4.065934,51.290615
4561TB,4.07242,51.29292
4561TC,4.065934,51.290615
4561TD,4.085254,51.297324
4561TE,4.070166,51.291465
4561TG,4.074079,51.293049
4561TH,4.073498,51.292895
4561TJ,4.073151,51.291673
4561TK,4.074377,51.292055
4561TL,4.076295,51.292734
4561TM,4.075857,51.291906
4561VA,4.051019,51.274062
4561VB,4.050668,51.274392
4561VC,4.051019,51.274062
4561VD,4.051642,51.271189
4561VE,4.05255,51.274636
4561VG,4.051671,51.274437
4561VH,4.049517,51.271878
4561VJ,4.052775,51.273634
4561VK,4.052488,51.273363
4561VL,4.053074,51.27217
4561VM,4.051721,51.271888
4561VN,4.050958,51.273259
4561VP,4.050484,51.273689
4561VR,4.051447,51.273652
4561VS,4.051488,51.272806
4561VT,4.0505,51.273268
4561VV,4.051941,51.271618
4561VW,4.051118,51.271247
4561VX,4.051911,51.272214
4561VZ,4.049343,51.270937
4561WB,4.058972,51.284293
4561WC,4.060603,51.285267
4561WD,4.060603,51.285267
4561WE,4.059725,51.284403
4561WG,4.060355,51.284319
4561WH,4.061811,51.284215
4561WJ,4.061811,51.284215
4561WK,4.063399,51.28424
4561WL,4.061742,51.285443
4561WN,4.061742,51.285443
4561WP,4.06244,51.285834
4561WR,4.063244,51.285527
4561WS,4.063439,51.285238
4561WT,4.0638,51.285863
4561WV,4.064705,51.285085
4561WX,4.064705,51.285085
4561WZ,4.064913,51.285486
4561XA,4.057721,51.282383
4561XB,4.057721,51.282383
4561XC,4.059569,51.286661
4561XD,4.059569,51.286661
4561XE,4.058049,51.286827
4561XG,4.061272,51.286349
4561XH,4.061272,51.286349
4561XJ,4.062247,51.286388
4561XK,4.062247,51.286388
4561XL,4.062296,51.287246
4561XM,4.062296,51.287246
4561XN,4.063301,51.287334
4561XP,4.063602,51.286896
4561XR,4.063596,51.286561
4561XS,4.063599,51.28625
4561XT,4.064012,51.286966
4561XV,4.064772,51.286705
4561ZA,4.066245,51.290433
4561ZB,4.066304,51.289119
4561ZC,4.066245,51.290433
4561ZD,4.066304,51.289119
4561ZE,4.066245,51.290433
4561ZG,4.065479,51.290322
4561ZH,4.065479,51.290322
4561ZJ,4.072127,51.289846
4561ZL,4.065184,51.285918
4561ZM,4.065184,51.285918
4561ZN,4.065184,51.285918
4561ZP,4.070646,51.2891
4561ZR,4.066245,51.290433
4561ZS,4.064846,51.289003
4561ZT,4.064846,51.289003
4561ZV,4.065157,51.287711
4561ZW,4.065157,51.287711
4561ZX,4.065157,51.287711
4561ZZ,4.063773,51.289046
4562AA,6.235131,50.626218
4562AB,6.235131,50.626218
4562AC,6.248775,50.600009
4562AD,6.248775,50.600009
4562AE,6.248775,50.600009
4562AG,6.248775,50.600009
4562AH,6.235131,50.626218
4562AJ,6.235131,50.626218
4562AK,6.235131,50.626218
4562AL,6.248775,50.600009
4562AN,6.248775,50.600009
4562AP,6.248775,50.600009
4562AT,6.248775,50.600009
4562BA,6.248775,50.600009
4562BB,6.235131,50.626218
4562BC,6.248775,50.600009
4562BN,6.248775,50.600009
4564AA,4.045054,51.257042
4564AB,4.03902,51.254153
4564AC,4.050712,51.260413
4564AD,4.050712,51.260413
4564AE,4.050712,51.260413
4564AG,4.050712,51.260413
4564AH,4.045351,51.260248
4564AJ,4.047881,51.259412
4564AK,4.049366,51.260647
4564AL,4.049366,51.260647
4564AM,4.05223,51.261967
4564AN,4.050667,51.263611
4564AP,4.05223,51.261967
4564AR,4.05223,51.261967
4564AS,4.050384,51.262958
4564AT,4.049188,51.263425
4564AV,4.049188,51.263425
4564AW,4.046335,51.263861
4564AX,4.04462,51.264137
4564AZ,4.045363,51.265218
4564BA,4.050052,51.264216
4564BB,4.050052,51.264216
4564BC,4.047104,51.268153
4564BD,4.051582,51.265475
4564BE,4.051951,51.264813
4564BG,4.051951,51.264813
4564BH,4.052783,51.265268
4564BJ,4.052783,51.265268
4564BK,4.053108,51.265854
4564BL,4.053108,51.265854
4564BM,4.052953,51.263597
4564BN,4.052953,51.263597
4564BP,4.052953,51.263597
4564BR,4.052756,51.262968
4564BS,4.052756,51.262968
4564BT,4.052756,51.262968
4564BW,4.045791,51.264217
4564BX,4.046333,51.261757
4564BZ,4.056145,51.264512
4564CA,4.0442,51.2652
4564CB,4.044231,51.263321
4564CC,4.045315,51.263555
4564CD,4.046519,51.263195
4564CE,4.044308,51.263024
4564CG,4.044608,51.26268
4564CH,4.046412,51.262483
4564CJ,4.047862,51.264143
4564CK,4.046814,51.260776
4564CL,4.049105,51.26263
4564CM,4.049105,51.26263
4564CN,4.048674,51.26266
4564CR,4.048663,51.261585
4564CS,4.048663,51.261585
4564CT,4.051202,51.261486
4564CV,4.051202,51.261486
4564CW,4.051202,51.261486
4564DA,4.056145,51.264512
4564DB,4.056145,51.264512
4564DC,4.057674,51.259673
4564DD,4.058105,51.261403
4564DE,4.058645,51.261655
4564DG,4.056834,51.263046
4564DH,4.057149,51.262425
4564DJ,4.057149,51.262425
4564DK,4.057149,51.262425
4564DL,4.056865,51.261118
4564DM,4.05587,51.260592
4564DN,4.058313,51.262296
4564EA,4.053061,51.259003
4564EB,4.053061,51.259003
4564EC,4.053061,51.259003
4564ED,4.055183,51.260378
4564EE,4.05662,51.25962
4564EG,4.055183,51.260378
4564EH,4.05662,51.25962
4564EJ,4.056663,51.260474
4564EK,4.056663,51.260474
4564EL,4.050852,51.265103
4564EM,4.050799,51.266158
4564EN,4.050181,51.265542
4564EP,4.050777,51.26563
4564ER,4.051045,51.267706
4564ES,4.050176,51.267632
4564ET,4.048311,51.268571
4564GA,4.045657,51.261995
4564GB,4.045657,51.261995
4564GC,4.044682,51.261257
4564GD,4.046281,51.26124
4564GE,4.044186,51.2613
4564GG,4.043872,51.260682
4564HA,4.05138,51.264079
4564HB,4.051946,51.263329
4564HC,4.05138,51.264079
4564RA,4.047317,51.254845
4564RB,4.036725,51.256814
4565EL,4.065139,51.255267
4565EM,4.066077,51.26084
4565EN,4.064482,51.255159
4565EP,4.058849,51.248303
4565ER,4.063389,51.261372
4565ES,4.065251,51.255872
4565ET,4.06573,51.252226
4565EV,4.063389,51.261372
4565EW,4.06573,51.252226
4565EX,4.068975,51.25211
4566AA,4.0019,51.2422
4566AB,4.003312,51.24321
4566AC,4.022745,51.251666
4566AD,4.020826,51.248281
4566AE,4.019937,51.248261
4566AG,4.022745,51.251666
4566AH,4.019937,51.248261
4566AJ,4.0088,51.243875
4566AK,4.022936,51.251123
4566AL,4.022936,51.251123
4566AM,4.024027,51.251132
4566AN,4.024775,51.250749
4566AP,4.025044,51.25059
4566AR,4.028396,51.251128
4566AS,4.027872,51.251083
4566AT,4.027872,51.251083
4566AV,4.033447,51.252695
4566AW,4.033447,51.252695
4566AX,4.030579,51.250542
4566AZ,4.037134,51.24525
4566BA,4.026531,51.248343
4566BB,4.026531,51.248343
4566BC,4.036327,51.252334
4566BD,4.036327,51.252334
4566BE,4.0374,51.2516
4566BG,4.02049,51.258768
4566BH,3.983038,51.249583
4566BK,4.006025,51.24804
4566BL,4.02617,51.250643
4566BN,4.019773,51.245181
4566CS,3.982326,51.249607
4566RJ,4.0014,51.2602
4566RK,4.019354,51.256614
4567AA,4.091447,51.278245
4567AB,4.090978,51.275968
4567AC,4.090541,51.274122
4567AD,4.089483,51.27005
4567AE,4.089483,51.27005
4567AG,4.089561,51.266583
4567AH,4.089561,51.266583
4567AJ,4.091091,51.260142
4567AK,4.091447,51.278245
4567AL,4.090978,51.275968
4567AM,4.090541,51.274122
4567AN,4.089483,51.27005
4567AP,4.089483,51.27005
4567AR,4.089561,51.266583
4567AS,4.090243,51.262956
4567AT,4.091091,51.260142
4567AV,4.090268,51.260376
4567AW,4.075408,51.2595
4567AX,4.091872,51.259853
4567AZ,4.091857,51.260286
4567BA,4.072469,51.263159
4567BB,4.072469,51.263159
4567BC,4.072469,51.263159
4567BD,4.072469,51.263159
4567BE,4.072469,51.263159
4567BG,4.072469,51.263159
4567BH,4.09263,51.262029
4567BJ,4.09263,51.262029
4567BK,4.092726,51.265491
4567BL,4.093548,51.265791
4567BM,4.091474,51.267783
4567BN,4.09003,51.269964
4567BP,4.089864,51.270149
4567BR,4.09442,51.271082
4567BS,4.091326,51.272244
4567BV,6.248775,50.600009
4567BZ,4.0657,51.2654
4567CA,4.08724,51.267139
4567CB,4.08724,51.267139
4567CC,4.086899,51.268212
4567CD,4.086368,51.268513
4567CE,4.086368,51.268513
4567CG,4.085841,51.268804
4567CH,4.085841,51.268804
4567CJ,4.086315,51.26912
4567CK,4.086315,51.26912
4567CL,4.085723,51.270031
4567CM,4.085723,51.270031
4567CN,4.086963,51.270479
4567CP,4.086963,51.270479
4567CR,4.086924,51.26985
4567CS,4.086924,51.26985
4567CT,4.086771,51.271104
4567CV,4.086771,51.271104
4567CW,4.08815,51.272062
4567CX,4.086571,51.272371
4567CZ,4.087701,51.274286
4567DA,4.087701,51.274286
4567DB,4.085781,51.273437
4567DC,4.086615,51.273574
4567DE,4.086248,51.273003
4567DG,4.086248,51.273003
4567PA,4.092181,51.280698
4567PB,4.102754,51.287304
4567PC,4.110179,51.295679
4567PD,4.1043,51.296836
4567PE,4.09677,51.278064
4567PG,4.09085,51.273814
4567PH,6.248775,50.600009
4567PJ,4.072179,51.277827
4567PK,4.093673,51.273483
4567PL,4.093887,51.290659
4568AA,4.158066,51.293114
4568AB,4.158066,51.293114
4568AC,4.165244,51.292805
4568AD,4.165244,51.292805
4568AE,4.158066,51.293114
4568AG,4.158066,51.293114
4568AH,4.165244,51.292805
4568AJ,4.157632,51.293055
4568AK,4.161492,51.292227
4568AL,4.162602,51.292287
4568AM,4.15739,51.29413
4568AN,4.15739,51.29413
4568AP,4.15739,51.29413
4568AR,4.159873,51.294827
4568AS,4.15238,51.296648
4568AT,4.158336,51.293567
4568AV,4.158959,51.293882
4568AW,4.161487,51.2931
4568AX,4.161487,51.2931
4568AZ,4.162671,51.293341
4568BA,4.162975,51.293632
4568BB,4.16383,51.293611
4568BC,4.164528,51.293955
4568BD,4.16528,51.293434
4568BE,4.166892,51.293677
4568BG,4.164669,51.293641
4568BH,4.1641,51.294782
4568BJ,4.1641,51.294782
4568BK,4.165153,51.293882
4568BL,4.16483,51.294374
4568BM,4.162439,51.294074
4568PA,4.140474,51.294214
4568PB,4.1294,51.2931
4568PC,4.138803,51.308377
4568PD,4.144778,51.304466
4568PE,4.153294,51.300172
4568PG,4.142736,51.288949
4568PH,4.166221,51.293241
4568PJ,4.181465,51.305785
4568PK,4.169024,51.309191
4568PL,4.19744,51.330195
4568PM,4.195254,51.334939
4568PN,4.194479,51.31835
4568PP,4.187537,51.331012
4568PR,4.167963,51.3142
4568PS,4.154976,51.321755
4568PT,4.143492,51.322005
4568PV,4.130505,51.325684
4568PW,4.148526,51.328424
4569AA,4.107916,51.332652
4569AB,4.107916,51.332652
4569AC,4.105937,51.331215
4569AE,4.101804,51.327634
4569AG,4.10452,51.330165
4569AH,4.10452,51.330165
4569AJ,4.10452,51.330165
4569AK,4.10452,51.330165
4569AL,4.104564,51.330472
4569AM,4.100649,51.327636
4569AN,4.100649,51.327636
4569AP,4.103481,51.32827
4569AR,4.103481,51.32827
4569AS,4.100308,51.327674
4569AT,4.103137,51.326975
4569AV,4.103137,51.326975
4569AW,4.103599,51.330307
4569AX,4.100332,51.328873
4569AZ,4.103599,51.330307
4569BA,4.100154,51.328583
4569BB,4.100154,51.328583
4569BC,4.102428,51.326401
4569LA,4.071548,51.338843
4569LB,4.0637,51.3328
4569PA,4.12316,51.330997
4569PB,4.108843,51.345519
4569PC,4.1194,51.342796
4569PD,4.110192,51.33014
4569PE,4.107994,51.34172
4569PG,4.09763,51.334535
4569PH,4.101717,51.329674
4569PJ,4.083476,51.325703
4569PK,4.108441,51.331076
4569RT,4.072651,51.31421
4569RV,4.07383,51.32331
4569RW,4.082531,51.319557
4569RX,4.10275,51.306687
4569RZ,4.1005,51.3018
4569TA,4.097986,51.307161
4569TB,4.102188,51.307098
4569TC,4.103791,51.32472
4569TD,4.103791,51.32472
4569TE,4.101673,51.307943
4569TG,4.108823,51.354
4569TH,4.106128,51.353113
4569TJ,4.106128,51.353113
4569TK,4.108965,51.352757
4569TL,4.108965,51.352757
4571AA,3.91606,51.262305
4571AB,3.91606,51.262305
4571AC,3.922274,51.264718
4571AD,3.91606,51.262305
4571AE,3.922274,51.264718
4571AG,3.921522,51.264048
4571AH,3.912822,51.263341
4571AJ,3.914532,51.26316
4571AK,3.914532,51.26316
4571AL,3.915674,51.263375
4571AM,3.916991,51.263301
4571AN,3.919637,51.262783
4571AP,3.919637,51.262783
4571AR,3.919883,51.263451
4571AS,3.916501,51.262908
4571AT,3.919883,51.263451
4571AV,3.916501,51.262908
4571AW,3.918949,51.263914
4571AX,3.916614,51.263594
4571AZ,3.918949,51.263914
4571BA,3.917637,51.264028
4571BB,3.920654,51.263414
4571BC,3.90802,51.2653
4571BD,3.908066,51.264901
4571BE,3.907314,51.264633
4571BG,3.908985,51.26568
4571BH,3.910047,51.265699
4571BJ,3.910047,51.265699
4571BK,3.909417,51.266328
4571BL,3.910833,51.265304
4571BM,3.911816,51.264557
4571BN,3.910727,51.264642
4571BP,3.913189,51.265089
4571BR,3.910727,51.264642
4571BS,3.914135,51.264599
4571BT,3.911072,51.26401
4571BV,3.914135,51.264599
4571BW,3.912411,51.265352
4571BX,3.912411,51.265352
4571BZ,3.915945,51.266121
4571CA,3.921366,51.262839
4571CB,3.91424,51.266501
4571CC,3.91424,51.266501
4571CD,3.910268,51.263221
4571CE,3.914453,51.263842
4571CG,3.922333,51.265325
4571CH,3.922333,51.265325
4571CJ,3.922333,51.265325
4571CK,3.910268,51.263221
4571CL,3.914453,51.263842
4571CM,3.92242,51.265117
4571CN,3.919584,51.266654
4571CP,3.919584,51.266654
4571CR,3.922721,51.265645
4571CS,3.922721,51.265645
4571CT,3.922573,51.266681
4571CV,3.922573,51.266681
4571CW,3.92273,51.263541
4571CX,3.92273,51.263541
4571DA,3.912375,51.266269
4571DC,3.910417,51.267001
4571DE,3.912375,51.266269
4571DG,3.904641,51.264069
4571EA,3.92223,51.266774
4571EB,3.921838,51.267314
4571EC,3.921838,51.267314
4571ED,3.921838,51.267314
4571EE,3.920313,51.267252
4571EG,3.921415,51.266803
4571EH,3.921415,51.266803
4571EJ,3.921415,51.266803
4571EK,3.915031,51.267545
4571EL,3.921415,51.266803
4571EM,3.921415,51.266803
4571EN,3.914902,51.267874
4571EP,3.909164,51.269262
4571ER,3.909164,51.269262
4571ES,3.908544,51.268321
4571ET,3.908544,51.268321
4571EW,3.908413,51.265964
4571EX,3.907818,51.267049
4571EZ,3.908272,51.267688
4571GA,3.90818,51.26684
4571GB,3.907631,51.266352
4571GC,3.907631,51.266352
4571GD,3.907631,51.266352
4571GE,3.907631,51.266352
4571GG,3.908587,51.266636
4571GH,3.906929,51.266736
4571GJ,3.906929,51.266736
4571GK,3.905976,51.265448
4571GL,3.905976,51.265448
4571GM,3.905078,51.265684
4571GN,3.904243,51.265412
4571GP,3.906385,51.266113
4571GR,3.905965,51.268823
4571GS,3.905965,51.268823
4571GT,3.905965,51.268823
4571GV,3.90278,51.265935
4571GW,3.904408,51.266698
4571GX,3.90457,51.267904
4571GZ,3.905809,51.265206
4571HA,3.903974,51.26795
4571HB,3.903974,51.26795
4571HC,3.906183,51.26743
4571HD,3.902323,51.267222
4571HE,3.906183,51.26743
4571HG,3.907724,51.263809
4571HH,3.902875,51.267592
4571HJ,3.908314,51.265064
4571HK,3.907856,51.265049
4571HL,3.908314,51.265064
4571HM,3.908314,51.265064
4571HN,3.908419,51.26389
4571HP,3.908166,51.263086
4571HR,3.904173,51.264133
4571HS,3.900818,51.265963
4571HT,3.900818,51.265963
4571HV,3.900818,51.265963
4571HW,3.900818,51.265963
4571HX,3.899488,51.265725
4571HZ,3.897891,51.26742
4571JA,3.898857,51.267867
4571JB,3.900697,51.266735
4571JC,3.900559,51.26743
4571JD,3.901358,51.266605
4571JE,3.901358,51.266605
4571JG,3.904023,51.269609
4571JH,3.901358,51.266605
4571JJ,3.90328,51.26809
4571JK,3.906341,51.268186
4571JL,3.90096,51.269018
4571JM,3.906341,51.268186
4571JN,3.90096,51.269018
4571JP,3.90518,51.268651
4571JR,3.90518,51.268651
4571JS,3.901613,51.269861
4571JT,3.900733,51.27009
4571JV,3.900733,51.27009
4571JW,3.900733,51.27009
4571JX,3.902851,51.266682
4571JZ,3.902374,51.26648
4571KA,3.906783,51.268986
4571KB,3.900374,51.270936
4571KC,3.900374,51.270936
4571KD,3.906783,51.268986
4571KE,3.906783,51.268986
4571KG,3.906783,51.268986
4571KH,3.899337,51.270146
4571KJ,3.898808,51.269555
4571KK,3.898135,51.270896
4571KX,3.901861,51.265996
4571KZ,3.901861,51.265996
4571LA,3.907412,51.26861
4571LB,3.907412,51.26861
4571LC,3.907951,51.269649
4571LD,3.907951,51.269649
4571LE,3.900625,51.271246
4571LG,3.909038,51.272538
4571LH,3.909038,51.272538
4571LJ,3.909038,51.272538
4571LK,3.909038,51.272538
4571LL,3.90929,51.26956
4571LM,3.911839,51.272284
4571LN,3.90929,51.26956
4571LP,3.911839,51.272284
4571LR,3.911272,51.271332
4571LS,3.909786,51.27317
4571LT,3.907951,51.272589
4571LV,3.907951,51.272589
4571LX,3.907795,51.272444
4571LZ,3.907646,51.272832
4571MA,3.906975,51.272446
4571MB,3.906742,51.272909
4571MC,3.905755,51.272775
4571MD,3.904727,51.272772
4571ME,3.903979,51.272243
4571MG,3.904989,51.272176
4571MH,3.906003,51.272103
4571MK,3.906465,51.271674
4571MN,3.905415,51.271353
4571MP,3.904401,51.271425
4571MR,3.903666,51.271807
4571MS,3.903264,51.271572
4571MT,3.907796,51.271857
4571MV,3.905004,51.271031
4571MX,3.906955,51.271768
4571MZ,3.902485,51.271429
4571NA,3.888825,51.260923
4571NB,3.901134,51.255959
4571PA,3.924569,51.276204
4571PB,3.94383,51.279581
4571PC,3.950118,51.27645
4571PD,3.961577,51.273304
4571PE,3.978118,51.270585
4571PG,3.922688,51.267294
4571PL,3.949772,51.300025
4571PM,3.957519,51.302519
4571PN,3.969709,51.284938
4571PP,3.963359,51.287008
4571PR,3.963264,51.293657
4571PS,3.925315,51.295284
4571PT,3.924153,51.297984
4571PV,3.908708,51.293968
4571PW,3.903185,51.288894
4571PX,3.915408,51.290287
4571PZ,3.915082,51.285583
4571RG,3.956149,51.271169
4571RH,3.952148,51.269732
4571RJ,3.952148,51.269732
4571RK,3.92402,51.265405
4571RL,3.914486,51.253488
4571RM,3.978682,51.269769
4571RX,3.906543,51.277979
4571RZ,3.900648,51.281509
4571SB,3.885253,51.267906
4571SC,3.87842,51.270038
4571SE,3.876214,51.268755
